100
6716541
4461641
7783893
9
3410821
4170220
9999998
9999999
3323191
11
4461643
8763892
1281246
7551991
1
1264969
86293
2872729
8248729
4
615403
4046177
9999929
9999995
7203246
6463741
9309119
6537523
5001361
6
3855409
3132736
9010879
10000000
5388168
5
9325574
4936439
9999930
1481717
9999161
1862603
6735763
6987083
1221469
5094841
9999163
12
4461642
1507483
4572049
8237213
3
6865010
7
983469
1144
9999996
9999991
9987391
9999162
1403870
8184167
6704676
4751053
140839
3949061
8
592432
8873129
8697851
928009
9999931
9682616
8291470
3929879
3877633
6697461
2360890
559513
5331653
13
9999997
3023326
9999971
8603593
2610613
10
2
3702389
7742461
9999972
9999973
6513281
5103067
3191803
2896297
9971849
1750607
9299449
