95
5579 763362 2
1363 123520 8
9705 834597 8
7977 626769 9
8429 327368 2
2789 205886 5
6574 530230 2
6760 325542 7
4945 279540 7
21345 4441283 13
873 84000 1
999 99999 78788
9974 603759 9
4401 792858 5
8483 164651 3
34432 9999920 222
3491 376189 1
378 659223 5
6311 744038 5
490 499674 1
2035 587687 6
8324 696474 7
2675 641763 3
2684 313879 3
4827 379304 8
4766 385349 3
10 22322 2
9929 160753 4
4131 988357 1
9523 81976 5
121 132 1
646 753992 3
1056 45030 4
5759 165757 6
2739 884729 5
121 121 11
7800 282033 2
7075 952308 3
3976 759716 7
1516 476245 5
8989 909410 5
3286 977701 4
3376 156586 6
7668 468727 8
1405 52064 3
121 131 1
0 132 1
2228 961000 6
8145 485026 9
9481 668314 4
1209 371972 7
701 837097 8
3748 207521 4
0 1000000000000000000 1000000000
886 56750 8
2871 611476 1
8129 512819 4
6673 645665 9
8135 346033 4
100000 1000000000000000000 3
9628 221919 9
3568 887100 8
7597 115191 5
5272 393026 2
8764 690922 4
5630 555906 6
2433 588437 7
2851 217912 4
7243 39232 6
2965 769993 4
22322 22322 1
352 116029 3
2519 171840 3
5811 811662 1
9597 30751 2
1000000000 1000000000000000000 1
1712 931656 3
8892 186601 5
1813 539974 3
6153 882984 8
0 1000000000000000000 1
1002 914907 8
3901 458931 4
0 100 2
39 1000000 3
8621 305784 1
258 978067 6
2590 45700 5
9352 507517 9
6366 921028 2
9151 163110 6
1396 974496 5
332 539995 7
6916 519450 6
1616 875376 6
