100
3568 887100 8
1002 914907 8
3491 376189 1
9929 160753 4
34432 9999920 222
2433 588437 7
9705 834597 8
9628 221919 9
3376 156586 6
1516 476245 5
490 499674 1
1209 371972 7
873 84000 1
8129 512819 4
21345 4441283 13
1616 875376 6
5579 763362 2
4766 385349 3
10 22322 2
332 539995 7
0 1000000000000000000 1
2871 611476 1
121 132 1
1396 974496 5
7075 952308 3
378 659223 5
4945 279540 7
2684 313879 3
9151 163110 6
3825 934105 6
9481 668314 4
39 1000000 3
9385 146808 1
8892 186601 5
2519 171840 3
121 131 1
6311 744038 5
2851 217912 4
8621 305784 1
2035 587687 6
121 121 11
4827 379304 8
886 56750 8
8324 696474 7
258 978067 6
8764 690922 4
9324 755359 1
6673 645665 9
9597 30751 2
9974 603759 9
7800 282033 2
0 132 1
6574 530230 2
2590 45700 5
3901 458931 4
1329 665400 3
6760 325542 7
7558 716225 8
9352 507517 9
2675 641763 3
2228 961000 6
8989 909410 5
5811 811662 1
2739 884729 5
0 1000000000000000000 1000000000
9523 81976 5
8483 164651 3
3748 207521 4
5759 165757 6
4401 792858 5
7977 626769 9
4131 988357 1
8429 327368 2
1363 123520 8
3976 759716 7
22322 22322 1
7668 468727 8
7597 115191 5
3286 977701 4
1405 52064 3
100000 1000000000000000000 3
8135 346033 4
1813 539974 3
646 753992 3
7243 39232 6
1000000000 1000000000000000000 1
6916 519450 6
352 116029 3
0 100 2
999 99999 78788
1056 45030 4
6366 921028 2
6153 882984 8
5630 555906 6
8145 485026 9
1712 931656 3
5272 393026 2
701 837097 8
2965 769993 4
2789 205886 5
